80 50
250
0 1
0 9
0 12
0 19
0 20
0 22
0 27
0 28
0 33
0 38
1 2
1 12
1 13
1 15
1 16
1 21
1 22
1 23
1 33
1 47
2 2
2 16
2 17
2 33
2 34
2 39
2 40
2 44
2 45
2 48
3 3
3 4
3 7
3 10
3 17
3 21
3 27
3 35
3 36
3 45
3 46
3 47
3 48
4 5
4 8
4 9
4 15
4 16
4 21
4 24
4 25
4 29
4 34
4 35
4 36
4 40
4 44
4 45
4 48
5 3
5 8
5 10
5 11
5 20
5 22
5 24
5 26
5 27
5 36
5 45
5 48
5 49
6 3
6 6
6 8
6 10
6 11
6 13
6 30
6 34
6 37
6 39
6 47
6 48
7 7
7 15
7 17
7 23
7 26
7 32
7 36
7 40
7 41
7 44
8 8
8 9
8 14
8 18
8 23
8 29
8 31
8 32
8 34
8 36
8 38
8 39
9 1
9 4
9 6
9 20
9 23
9 24
9 29
9 34
9 38
9 49
10 11
10 15
10 35
11 2
11 4
11 19
11 26
11 32
11 36
11 39
11 41
12 1
12 2
12 12
12 17
12 21
12 28
12 30
12 32
12 33
12 34
12 36
12 37
12 44
13 4
13 18
13 31
13 34
13 35
13 40
14 2
14 3
14 5
14 8
14 12
14 14
14 20
14 29
14 35
14 40
14 48
14 49
15 3
15 6
15 8
15 20
15 23
15 27
15 29
15 33
15 37
15 39
15 43
15 48
15 49
16 7
16 11
16 16
16 17
16 19
16 23
16 28
16 33
16 37
16 43
16 47
16 48
16 49
17 0
17 1
17 11
17 13
17 14
17 22
17 30
17 42
18 0
18 1
18 3
18 21
18 25
18 29
18 31
18 36
18 38
18 47
19 13
19 14
19 25
19 29
19 38
19 43
19 47
19 49
20 0
20 1
20 2
20 16
20 18
20 24
20 35
20 38
20 44
20 45
21 2
21 8
21 15
21 17
21 35
21 36
21 42
21 48
21 49
22 2
22 4
22 5
22 10
22 11
22 12
22 15
22 27
22 31
22 33
22 44
22 49
23 0
23 6
23 7
23 9
23 20
23 23
23 27
23 37
23 39
23 45
24 0
24 3
24 14
24 15
24 18
24 19
24 26
24 35
24 43
25 5
25 7
25 9
25 11
25 13
25 21
25 23
25 25
25 33
25 43
25 47
26 9
26 14
26 15
26 16
26 17
26 26
26 28
26 30
26 32
26 41
26 42
26 46
26 49
27 4
27 5
27 9
27 14
27 16
27 22
27 24
27 30
27 42
27 48
28 3
28 4
28 10
28 13
28 15
28 16
28 21
28 22
28 26
28 32
28 38
28 40
28 43
29 0
29 4
29 13
29 16
29 22
29 23
29 32
29 39
30 11
30 16
30 20
30 24
30 32
30 34
30 37
30 39
30 41
30 42
30 43
31 2
31 10
31 12
31 19
31 21
31 26
31 32
31 45
31 46
32 3
32 10
32 12
32 14
32 30
32 35
32 36
32 39
32 41
32 46
33 1
33 4
33 7
33 9
33 18
33 23
33 26
33 28
33 33
33 35
33 38
33 49
34 3
34 11
34 12
34 17
34 20
34 21
34 22
34 23
34 27
34 28
34 31
34 32
34 33
34 38
34 41
34 42
34 48
35 5
35 6
35 14
35 16
35 19
35 27
35 38
35 40
35 43
35 46
35 49
36 0
36 3
36 13
36 17
36 23
36 31
36 34
36 37
36 40
37 8
37 18
37 22
37 23
37 26
37 37
37 44
38 0
38 2
38 14
38 18
38 21
38 44
38 47
39 4
39 7
39 12
39 20
39 24
39 36
39 38
39 46
40 1
40 4
40 7
40 11
40 19
40 30
40 31
40 34
40 40
40 42
41 6
41 8
41 17
41 22
41 29
41 35
41 38
41 40
41 45
42 0
42 4
42 5
42 6
42 11
42 16
42 18
42 45
42 46
43 4
43 7
43 11
43 13
43 18
43 31
43 32
43 42
43 46
44 2
44 4
44 5
44 8
44 11
44 17
44 19
44 21
44 28
44 29
45 1
45 5
45 6
45 10
45 11
45 19
45 27
45 31
45 48
46 3
46 17
46 19
46 25
46 26
46 36
46 39
46 41
46 43
46 47
46 49
47 0
47 1
47 6
47 8
47 9
47 14
47 16
47 29
47 37
47 41
47 43
47 45
48 0
48 1
48 7
48 18
48 19
48 29
48 34
48 39
48 42
48 48
49 0
49 3
49 14
49 21
49 23
49 25
49 38
49 46
49 48
50 0
50 2
50 4
50 5
50 17
50 18
50 19
50 20
50 22
50 23
50 27
50 28
50 30
50 31
50 34
50 36
50 42
50 45
50 47
51 0
51 5
51 8
51 10
51 19
51 21
51 24
51 27
51 28
51 41
51 42
52 2
52 12
52 23
52 24
52 33
52 40
53 2
53 3
53 8
53 10
53 20
53 32
53 35
53 40
53 47
54 4
54 7
54 17
54 25
54 30
54 31
54 34
55 3
55 7
55 18
55 21
55 25
55 32
55 46
55 47
56 5
56 6
56 13
56 14
56 19
56 21
56 22
56 24
56 35
56 40
56 45
56 48
57 0
57 3
57 9
57 19
57 21
57 26
57 30
57 31
57 32
57 43
57 49
58 7
58 11
58 12
58 17
58 25
58 28
58 33
58 36
58 37
58 41
58 43
58 47
59 3
59 8
59 9
59 17
59 24
59 25
59 28
59 37
59 41
60 6
60 14
60 15
60 22
60 25
60 26
60 31
60 36
60 41
60 44
60 45
60 48
61 3
61 11
61 19
61 20
61 29
61 34
61 46
62 1
62 5
62 17
62 18
62 27
62 41
62 42
63 6
63 16
63 22
63 31
63 39
64 11
64 14
64 15
64 17
64 21
64 27
64 29
64 30
64 32
64 33
64 34
64 35
64 41
65 0
65 13
65 25
65 31
65 33
65 38
65 41
65 44
65 47
65 48
66 1
66 6
66 9
66 10
66 13
66 15
66 17
66 18
66 23
66 26
66 27
66 44
66 46
66 49
67 2
67 4
67 12
67 13
67 20
67 29
67 35
67 46
68 15
68 16
68 18
68 24
68 32
69 0
69 16
69 22
69 23
69 36
69 41
70 6
70 7
70 9
70 15
70 26
70 31
70 32
70 34
70 37
70 38
70 42
70 48
71 5
71 8
71 11
71 14
71 16
71 21
71 25
71 32
71 38
71 42
71 45
72 5
72 27
72 31
72 38
72 42
72 45
72 49
73 12
73 15
73 19
73 24
73 34
73 38
73 41
73 42
73 49
74 5
74 25
74 26
74 29
75 6
75 14
75 21
75 23
75 25
75 26
75 30
75 33
75 35
75 46
76 4
76 6
76 9
76 10
76 17
76 21
76 23
76 25
76 27
76 28
76 31
76 32
76 34
76 39
76 41
76 43
77 2
77 4
77 5
77 9
77 25
77 32
77 34
77 38
77 39
77 40
77 41
77 46
77 47
78 0
78 1
78 5
78 10
78 17
78 26
79 1
79 2
79 6
79 18
79 20
79 22
79 25
79 32
79 36
79 40
79 43
79 45