120 40
300
0 0
0 7
0 8
0 15
0 19
0 25
0 27
0 30
0 37
0 38
1 1
1 4
1 5
1 8
1 17
1 20
1 33
1 34
1 37
1 39
2 0
2 8
3 11
3 18
3 21
3 25
3 27
3 33
4 0
4 4
4 9
4 10
4 12
4 15
4 21
4 22
4 23
4 24
5 0
5 1
5 10
5 17
5 20
5 21
5 25
5 26
5 27
5 31
5 33
5 34
5 35
6 4
6 7
6 11
6 20
6 21
6 28
6 29
6 33
6 39
7 2
7 4
7 11
7 12
7 14
7 16
7 20
7 31
7 34
7 35
8 8
8 10
8 12
8 22
8 33
8 39
9 0
9 14
9 22
9 23
9 27
9 29
9 33
9 34
9 36
10 3
10 6
10 7
10 12
10 13
10 15
10 17
10 27
11 8
11 14
11 16
11 25
11 26
11 36
12 1
12 2
12 10
12 16
12 24
12 31
12 36
12 37
13 1
13 2
13 4
13 10
13 21
13 24
13 31
13 32
13 36
14 1
14 3
14 5
14 36
14 37
15 0
15 9
15 17
15 23
15 26
15 39
16 3
16 16
16 17
16 27
16 29
17 0
17 1
17 6
17 8
17 9
17 11
17 23
17 24
17 30
17 32
18 5
18 11
18 18
18 21
18 24
18 37
19 4
19 15
19 16
19 24
19 26
19 38
20 0
20 4
20 6
20 7
20 8
20 21
20 24
20 28
20 29
21 0
21 1
21 8
21 20
21 28
21 35
22 3
22 4
22 12
22 13
22 14
22 22
22 28
22 31
22 32
22 35
23 10
23 17
23 19
23 22
23 26
23 28
23 31
23 35
23 37
24 4
24 11
24 14
24 15
24 21
24 27
24 35
25 4
25 5
25 13
25 16
25 17
25 19
25 34
26 1
26 4
26 5
26 14
26 16
26 18
26 25
26 27
26 29
27 7
27 9
27 14
27 20
27 24
27 30
27 39
28 7
28 9
28 11
28 13
28 22
28 26
28 37
29 3
29 6
29 11
29 25
29 37
29 38
30 1
30 8
30 31
30 37
31 1
31 9
31 11
31 20
31 24
31 26
31 27
31 37
32 2
32 6
32 8
32 12
32 22
32 23
32 35
33 3
33 7
33 10
33 16
33 30
33 35
33 39
34 0
34 5
34 10
34 11
34 14
34 15
34 21
34 23
34 26
34 36
34 39
35 4
35 5
35 12
35 15
35 16
35 23
35 26
35 28
35 29
35 31
35 33
35 35
35 36
36 1
36 6
36 15
36 17
36 20
36 22
36 34
36 35
37 8
37 22
37 25
37 31
38 4
38 11
38 22
38 23
38 25
38 31
38 34
38 38
39 2
39 3
39 20
39 29
39 34
39 35
40 6
40 9
40 10
40 11
40 14
40 18
40 19
40 27
40 29
40 31
40 32
40 36
41 15
41 34
41 36
42 0
42 3
42 8
42 12
42 13
42 17
42 19
42 20
42 21
42 33
42 35
43 1
43 7
43 13
43 14
43 16
43 20
43 36
43 39
44 5
44 10
44 11
44 23
44 28
44 32
44 34
44 36
45 3
45 5
45 13
45 18
45 20
45 24
45 32
45 35
45 38
46 0
46 1
46 2
46 11
46 18
46 20
46 26
46 30
46 33
47 4
47 11
47 14
47 36
47 39
48 0
48 3
48 6
48 11
48 12
48 13
48 26
48 27
48 31
48 33
48 34
48 37
49 8
49 11
49 13
49 21
49 26
49 30
49 34
49 38
49 39
50 4
50 6
50 7
50 14
50 15
50 21
50 27
50 29
51 8
51 14
51 16
51 17
51 19
51 26
51 28
51 34
51 37
52 0
52 4
52 5
52 14
52 17
52 21
52 33
52 37
52 38
53 5
53 7
53 8
53 14
53 15
53 18
53 25
53 26
53 27
53 29
53 32
53 34
53 39
54 0
54 2
54 4
54 10
54 31
54 37
54 39
55 1
55 6
55 8
55 10
55 16
55 17
55 19
55 21
55 24
55 25
55 27
55 34
56 3
56 5
56 12
56 16
56 30
56 34
56 36
57 1
57 3
57 9
57 22
57 26
57 30
57 31
57 32
57 36
58 0
58 3
58 4
58 5
58 14
58 18
58 21
58 24
58 36
58 38
59 1
59 13
59 15
59 16
59 23
59 25
60 7
60 8
60 14
60 17
60 29
60 30
60 31
60 33
60 35
61 2
61 3
61 5
61 7
61 10
61 14
61 31
61 32
61 36
62 6
62 9
62 15
62 21
62 36
62 37
63 13
63 18
63 21
63 22
63 30
63 33
63 37
63 39
64 1
64 3
64 9
64 11
64 15
64 16
64 17
64 18
64 32
64 38
64 39
65 12
65 15
65 16
65 19
65 21
65 22
66 3
66 5
66 9
66 10
66 34
66 37
67 4
67 5
67 6
67 8
67 9
67 10
67 11
67 22
67 36
68 7
68 10
68 14
68 18
68 20
68 30
68 33
69 9
69 19
69 23
69 28
69 31
69 32
70 8
70 19
70 23
70 24
70 26
70 31
70 34
70 37
71 2
71 4
71 6
71 8
71 13
71 21
71 27
71 37
72 8
72 9
72 10
72 17
72 20
72 23
72 28
72 33
72 35
73 6
73 7
73 10
73 11
73 20
73 21
73 23
73 31
73 32
73 34
74 9
74 15
74 17
74 27
74 28
75 18
75 20
75 28
76 1
76 6
76 27
76 34
76 36
77 0
77 3
77 8
77 13
77 21
77 29
77 32
77 37
77 38
77 39
78 10
78 19
78 22
79 1
79 12
79 13
79 19
80 1
80 4
80 6
80 8
80 10
80 17
80 18
80 29
80 33
80 34
81 12
81 19
81 20
81 21
81 23
81 32
81 34
81 38
81 39
82 5
82 6
82 9
82 24
82 25
82 28
82 32
82 39
83 0
83 7
83 11
83 13
83 24
83 37
84 5
84 15
84 17
84 24
84 26
84 28
84 31
84 35
85 0
85 2
85 8
85 10
85 15
85 19
85 20
85 26
85 29
85 38
86 9
86 16
86 32
86 37
87 20
87 22
87 29
87 36
87 39
88 1
88 6
88 9
88 24
88 26
88 28
88 33
88 36
89 1
89 2
89 7
89 11
89 13
89 14
89 15
89 25
90 2
90 5
90 14
90 15
90 20
90 28
90 32
90 38
91 7
91 9
91 10
91 26
92 7
92 8
92 13
92 14
92 22
92 25
92 31
92 39
93 1
93 4
93 6
93 12
93 15
93 23
93 27
93 30
93 36
94 2
94 3
94 18
94 23
95 17
95 18
95 20
95 24
95 28
95 29
95 31
95 32
95 33
95 36
96 0
96 3
96 8
96 9
96 16
96 20
96 24
96 34
96 35
96 36
97 4
97 8
97 9
97 12
97 20
97 21
97 23
97 24
97 26
98 9
98 17
98 28
98 34
98 35
98 38
99 6
99 12
99 13
99 29
99 31
99 37
100 15
100 16
100 21
100 24
101 4
101 6
101 9
101 25
101 29
101 36
101 39
102 0
102 9
102 10
102 13
102 14
102 16
102 20
102 25
102 34
103 3
103 5
103 6
103 20
103 21
103 24
103 25
103 33
104 1
104 5
104 9
104 21
104 26
104 27
104 28
104 33
104 38
105 1
105 14
105 19
105 20
105 30
105 37
105 38
106 0
106 2
106 6
106 8
106 22
106 25
106 30
106 32
106 35
106 36
106 37
107 1
107 2
107 3
107 6
107 12
107 15
107 17
107 21
107 22
107 36
107 38
108 4
108 5
108 6
108 10
108 13
108 14
108 15
108 21
108 31
108 32
108 36
108 38
109 6
109 14
109 19
109 30
109 38
110 1
110 13
110 16
110 22
110 23
110 38
110 39
111 6
111 10
111 20
111 22
111 23
111 32
111 35
111 37
112 1
112 5
112 12
112 13
112 15
112 16
112 19
112 34
112 39
113 5
113 6
113 8
113 24
113 29
113 34
113 39
114 4
114 7
114 17
114 22
114 28
114 30
114 34
115 1
115 2
115 9
115 12
115 18
115 23
115 24
115 27
115 39
116 5
116 6
116 18
116 22
116 30
116 31
116 32
116 33
116 38
117 0
117 5
117 10
117 11
117 14
117 29
117 31
117 33
117 35
117 39
118 2
118 5
118 6
118 8
118 15
118 24
118 30
118 31
118 33
119 0
119 1
119 16
119 30