150 100
200
0 1
0 7
0 10
0 11
0 13
0 18
0 22
0 25
0 30
0 37
0 42
0 48
0 53
0 55
0 56
0 58
0 67
0 72
0 73
0 79
0 86
0 90
0 94
1 3
1 6
1 23
1 30
1 33
1 38
1 39
1 46
1 53
1 59
1 63
1 71
1 72
1 81
1 90
1 96
1 97
2 25
2 26
2 30
2 36
2 54
2 55
2 56
2 61
2 63
2 70
2 74
2 76
2 79
2 82
2 85
2 86
3 4
3 9
3 14
3 17
3 18
3 21
3 29
3 55
3 56
3 67
3 77
3 79
3 80
3 81
3 89
3 96
3 97
4 11
4 17
4 21
4 27
4 28
4 29
4 30
4 39
4 43
4 45
4 47
4 49
4 50
4 51
4 56
4 58
4 68
4 75
4 76
4 77
4 91
4 92
4 97
5 1
5 3
5 15
5 23
5 31
5 35
5 61
5 64
5 65
5 79
5 85
5 90
5 92
5 93
5 94
6 8
6 16
6 17
6 21
6 23
6 26
6 29
6 34
6 41
6 43
6 45
6 49
6 54
6 62
6 64
6 66
6 71
6 72
6 83
6 85
6 87
6 89
6 98
7 3
7 4
7 14
7 16
7 22
7 29
7 30
7 31
7 40
7 41
7 43
7 61
7 67
7 69
7 72
7 78
7 90
7 94
7 98
8 13
8 15
8 18
8 19
8 26
8 27
8 43
8 45
8 46
8 59
8 67
8 73
8 77
8 79
8 80
8 84
8 86
8 88
8 95
8 99
9 0
9 2
9 6
9 12
9 14
9 16
9 24
9 28
9 34
9 38
9 41
9 42
9 49
9 56
9 60
9 61
9 70
9 81
9 91
9 94
9 99
10 1
10 4
10 8
10 11
10 16
10 19
10 26
10 42
10 45
10 47
10 48
10 50
10 53
10 54
10 63
10 64
10 73
10 75
10 76
10 82
10 83
10 85
10 89
10 95
10 98
11 0
11 1
11 5
11 7
11 10
11 13
11 18
11 23
11 24
11 31
11 34
11 43
11 52
11 55
11 58
11 59
11 61
11 65
11 70
11 74
11 77
11 78
11 79
11 87
11 90
11 99
12 1
12 2
12 7
12 8
12 10
12 12
12 39
12 44
12 54
12 55
12 56
12 66
12 71
12 88
12 98
12 99
13 2
13 6
13 12
13 23
13 28
13 30
13 31
13 52
13 56
13 65
13 66
13 68
13 83
13 84
13 88
13 94
13 98
14 9
14 21
14 26
14 32
14 38
14 39
14 40
14 41
14 47
14 48
14 52
14 54
14 58
14 61
14 65
14 66
14 71
14 75
14 77
14 95
15 6
15 8
15 12
15 17
15 19
15 29
15 34
15 42
15 46
15 53
15 57
15 59
15 61
15 67
15 69
15 70
15 82
15 92
15 93
15 97
15 99
16 1
16 3
16 10
16 13
16 15
16 17
16 20
16 21
16 22
16 35
16 36
16 40
16 57
16 59
16 65
16 73
16 74
16 79
16 80
16 90
17 0
17 6
17 7
17 8
17 10
17 12
17 18
17 19
17 35
17 39
17 40
17 45
17 50
17 58
17 59
17 70
17 71
17 79
17 87
17 88
17 92
18 2
18 7
18 16
18 23
18 24
18 26
18 29
18 32
18 33
18 51
18 59
18 62
18 66
18 69
18 70
18 73
18 74
18 75
18 84
18 98
18 99
19 3
19 5
19 11
19 14
19 19
19 21
19 27
19 29
19 39
19 41
19 43
19 47
19 58
19 63
19 72
19 83
19 84
19 89
19 97
19 98
20 3
20 9
20 14
20 15
20 17
20 19
20 22
20 25
20 32
20 45
20 48
20 49
20 52
20 53
20 58
20 63
20 70
20 71
20 75
20 79
20 80
20 83
20 84
20 90
21 0
21 3
21 7
21 10
21 11
21 12
21 25
21 28
21 32
21 43
21 44
21 48
21 50
21 51
21 62
21 79
21 86
21 94
21 95
22 1
22 4
22 11
22 20
22 25
22 32
22 41
22 44
22 50
22 57
22 60
22 62
22 70
22 75
22 77
22 82
22 88
22 90
22 93
22 98
22 99
23 2
23 3
23 9
23 11
23 13
23 15
23 21
23 22
23 23
23 26
23 29
23 34
23 40
23 41
23 42
23 43
23 45
23 46
23 56
23 65
23 70
23 71
23 87
23 91
23 92
23 94
23 96
23 99
24 9
24 35
24 36
24 38
24 46
24 52
24 53
24 59
24 62
24 64
24 84
24 85
24 91
24 94
24 99
25 28
25 32
25 33
25 36
25 38
25 46
25 54
25 55
25 61
25 65
25 74
25 77
25 78
25 81
25 83
25 93
25 96
25 97
26 27
26 34
26 37
26 58
26 72
26 75
26 80
26 87
26 91
26 94
27 3
27 30
27 31
27 34
27 37
27 41
27 51
27 61
27 79
27 85
27 86
27 98
28 9
28 10
28 18
28 21
28 27
28 29
28 31
28 34
28 44
28 46
28 52
28 58
28 75
28 78
28 90
28 94
29 4
29 5
29 15
29 16
29 21
29 32
29 36
29 47
29 48
29 49
29 54
29 59
29 63
29 65
29 69
29 81
29 83
29 87
29 88
29 89
29 93
29 95
30 2
30 8
30 10
30 18
30 26
30 27
30 36
30 44
30 62
30 65
30 71
30 72
30 75
30 83
30 84
30 88
30 92
30 98
31 2
31 4
31 11
31 12
31 13
31 17
31 28
31 29
31 34
31 50
31 61
31 68
31 69
31 72
31 85
31 88
31 96
31 97
32 2
32 15
32 22
32 24
32 34
32 35
32 39
32 48
32 52
32 63
32 68
32 70
32 75
32 78
32 79
32 80
32 82
32 93
32 97
32 99
33 1
33 2
33 3
33 13
33 16
33 20
33 21
33 23
33 24
33 26
33 32
33 33
33 36
33 39
33 44
33 48
33 58
33 64
33 68
33 69
33 76
33 78
33 79
33 82
33 83
33 88
33 91
33 93
33 94
33 96
34 2
34 11
34 13
34 20
34 29
34 33
34 35
34 47
34 48
34 52
34 53
34 57
34 64
34 68
34 73
34 75
34 77
34 80
34 81
34 82
34 86
34 87
34 90
34 92
34 94
34 99
35 3
35 7
35 10
35 18
35 26
35 28
35 30
35 31
35 33
35 40
35 45
35 59
35 65
35 68
35 70
35 77
35 80
35 81
35 91
35 97
36 3
36 6
36 37
36 39
36 40
36 44
36 47
36 50
36 52
36 55
36 56
36 59
36 64
36 66
36 70
36 71
36 86
36 98
37 5
37 6
37 9
37 16
37 20
37 24
37 28
37 29
37 36
37 38
37 40
37 41
37 46
37 65
37 70
37 72
37 85
37 92
37 93
37 95
37 97
38 12
38 13
38 16
38 20
38 21
38 28
38 30
38 31
38 33
38 48
38 50
38 52
38 54
38 57
38 60
38 61
38 62
38 63
38 64
38 67
38 70
38 80
38 82
38 93
38 99
39 2
39 6
39 20
39 25
39 26
39 32
39 35
39 42
39 50
39 51
39 52
39 55
39 63
39 65
39 66
39 68
39 70
39 72
39 78
39 81
39 86
39 89
39 95
39 96
39 99
40 5
40 6
40 9
40 19
40 20
40 25
40 29
40 37
40 40
40 45
40 50
40 53
40 55
40 70
40 74
40 78
40 90
40 96
40 97
40 98
41 1
41 17
41 20
41 22
41 31
41 38
41 49
41 51
41 64
41 74
41 79
41 94
41 96
41 97
42 1
42 3
42 10
42 15
42 26
42 42
42 47
42 52
42 56
42 61
42 71
42 79
42 82
42 86
42 87
42 92
42 95
42 99
43 5
43 17
43 22
43 28
43 33
43 39
43 40
43 55
43 57
43 58
43 63
43 72
43 79
43 85
43 89
43 93
44 11
44 13
44 18
44 33
44 36
44 42
44 46
44 51
44 53
44 56
44 60
44 61
44 66
44 67
44 72
44 78
44 82
44 88
44 91
44 92
44 99
45 5
45 21
45 26
45 34
45 36
45 40
45 41
45 44
45 45
45 50
45 51
45 52
45 56
45 58
45 62
45 64
45 67
45 68
45 71
45 78
45 81
45 85
45 96
45 97
46 2
46 4
46 8
46 11
46 14
46 27
46 33
46 34
46 48
46 55
46 59
46 63
46 66
46 77
46 88
46 94
47 2
47 20
47 21
47 22
47 26
47 36
47 38
47 45
47 47
47 55
47 56
47 66
47 67
47 72
47 83
47 84
47 86
47 87
47 89
47 91
47 94
47 95
47 98
47 99
48 2
48 5
48 6
48 14
48 21
48 25
48 37
48 48
48 49
48 50
48 51
48 56
48 59
48 71
48 83
48 85
48 86
48 94
48 95
48 98
49 0
49 3
49 9
49 11
49 12
49 24
49 29
49 33
49 35
49 36
49 37
49 44
49 50
49 59
49 68
49 69
49 70
49 82
49 86
49 87
49 92
50 7
50 8
50 16
50 19
50 20
50 26
50 31
50 32
50 34
50 35
50 38
50 43
50 48
50 58
50 60
50 67
50 69
50 73
50 84
50 86
50 88
51 6
51 12
51 14
51 21
51 24
51 36
51 40
51 43
51 44
51 56
51 59
51 63
51 72
51 74
51 75
51 77
51 91
51 93
52 0
52 4
52 11
52 13
52 18
52 19
52 21
52 26
52 27
52 40
52 46
52 53
52 55
52 56
52 61
52 62
52 65
52 69
52 79
52 80
52 95
53 1
53 3
53 13
53 14
53 19
53 29
53 31
53 32
53 34
53 35
53 44
53 45
53 50
53 51
53 54
53 65
53 76
53 78
53 85
53 92
54 5
54 7
54 8
54 20
54 23
54 35
54 36
54 44
54 45
54 47
54 51
54 57
54 58
54 67
54 69
54 81
55 6
55 7
55 9
55 15
55 25
55 38
55 44
55 45
55 51
55 74
55 78
55 87
55 91
55 92
56 0
56 13
56 25
56 36
56 37
56 39
56 42
56 60
56 61
56 64
56 66
56 67
56 71
56 73
56 75
56 78
56 96
57 2
57 8
57 9
57 18
57 19
57 21
57 24
57 35
57 43
57 46
57 54
57 64
57 69
57 72
57 79
57 85
58 12
58 13
58 17
58 29
58 37
58 52
58 54
58 61
58 62
58 64
58 66
58 67
58 71
58 80
58 83
58 90
58 94
58 96
59 0
59 23
59 27
59 45
59 57
59 67
59 70
59 77
59 79
59 85
60 0
60 1
60 8
60 12
60 19
60 29
60 30
60 35
60 37
60 44
60 61
60 74
60 76
60 77
60 87
60 89
60 91
60 95
61 0
61 12
61 20
61 21
61 24
61 25
61 29
61 34
61 37
61 40
61 47
61 52
61 53
61 55
61 61
61 64
61 67
61 68
61 69
61 71
61 74
61 77
61 80
61 83
61 84
61 85
61 86
61 88
61 92
61 96
61 99
62 1
62 8
62 9
62 17
62 18
62 19
62 26
62 27
62 30
62 43
62 49
62 52
62 53
62 65
62 70
62 73
62 75
62 76
62 87
62 94
62 97
63 4
63 7
63 9
63 11
63 13
63 18
63 20
63 43
63 52
63 53
63 54
63 65
63 67
63 72
63 81
63 84
63 86
63 89
63 90
64 9
64 13
64 16
64 23
64 26
64 28
64 34
64 37
64 58
64 73
64 75
64 81
64 84
64 91
65 4
65 20
65 25
65 27
65 30
65 41
65 46
65 48
65 51
65 54
65 59
65 64
65 69
65 70
65 79
65 81
65 82
65 85
65 89
65 90
65 92
65 98
66 2
66 7
66 11
66 12
66 20
66 24
66 27
66 32
66 40
66 53
66 59
66 63
66 67
66 69
66 75
66 76
66 77
66 78
66 79
66 83
66 94
67 5
67 8
67 9
67 13
67 16
67 17
67 28
67 29
67 35
67 40
67 46
67 49
67 60
67 61
67 64
67 72
67 76
67 80
67 81
67 82
67 96
68 2
68 7
68 22
68 23
68 24
68 27
68 33
68 37
68 46
68 50
68 56
68 61
68 83
68 87
68 89
68 90
68 94
68 98
69 8
69 25
69 31
69 33
69 35
69 39
69 41
69 44
69 50
69 62
69 68
69 74
69 76
69 79
69 81
70 0
70 2
70 4
70 10
70 17
70 21
70 23
70 27
70 32
70 33
70 36
70 42
70 43
70 48
70 62
70 64
70 69
70 75
70 76
70 78
70 88
70 90
70 99
71 3
71 9
71 15
71 18
71 20
71 22
71 34
71 35
71 50
71 52
71 53
71 54
71 55
71 58
71 60
71 61
71 62
71 63
71 65
71 68
71 73
71 77
71 81
71 92
71 96
71 99
72 3
72 5
72 7
72 13
72 22
72 28
72 30
72 31
72 33
72 36
72 50
72 71
72 73
72 79
72 81
72 83
72 89
73 28
73 35
73 36
73 47
73 55
73 64
73 68
73 75
73 77
73 78
73 81
73 90
73 98
73 99
74 0
74 5
74 20
74 25
74 28
74 29
74 34
74 38
74 40
74 42
74 48
74 59
74 60
74 68
74 96
74 99
75 10
75 12
75 17
75 35
75 48
75 51
75 53
75 57
75 62
75 66
75 67
75 71
75 76
75 77
75 78
75 84
75 86
75 88
75 98
75 99
76 2
76 5
76 7
76 12
76 14
76 22
76 24
76 25
76 27
76 38
76 40
76 41
76 49
76 50
76 55
76 75
76 77
76 78
76 82
76 83
76 85
76 88
76 98
77 0
77 7
77 12
77 13
77 29
77 34
77 42
77 44
77 45
77 52
77 59
77 62
77 67
77 71
77 75
77 80
77 86
77 88
77 89
77 93
77 99
78 11
78 13
78 17
78 18
78 21
78 32
78 35
78 37
78 49
78 54
78 61
78 64
78 66
78 68
78 73
78 77
78 80
78 84
78 85
78 86
78 88
78 91
79 1
79 8
79 16
79 27
79 34
79 41
79 46
79 49
79 50
79 54
79 55
79 56
79 64
79 65
79 73
79 77
79 78
79 80
79 85
79 88
79 89
79 92
79 94
79 96
80 4
80 8
80 15
80 16
80 26
80 30
80 33
80 36
80 37
80 44
80 48
80 51
80 53
80 54
80 55
80 65
80 76
80 90
80 96
81 1
81 6
81 8
81 17
81 19
81 26
81 36
81 37
81 42
81 43
81 46
81 47
81 49
81 63
81 71
81 73
81 76
81 83
82 3
82 5
82 10
82 14
82 15
82 38
82 46
82 47
82 50
82 58
82 60
82 76
82 89
83 4
83 14
83 17
83 18
83 38
83 46
83 49
83 50
83 51
83 58
83 59
83 63
83 64
83 70
83 72
83 77
83 81
83 85
83 89
83 98
84 1
84 3
84 4
84 7
84 8
84 9
84 10
84 14
84 18
84 27
84 28
84 43
84 45
84 53
84 54
84 56
84 79
84 85
84 91
84 94
84 96
84 97
85 9
85 24
85 29
85 38
85 41
85 43
85 44
85 47
85 61
85 70
85 77
85 79
85 81
85 82
85 90
85 95
85 97
86 0
86 2
86 6
86 15
86 42
86 44
86 54
86 59
86 79
86 84
86 92
86 97
87 9
87 10
87 12
87 13
87 24
87 29
87 39
87 40
87 42
87 49
87 50
87 51
87 52
87 54
87 56
87 57
87 59
87 63
87 64
87 72
87 78
87 81
87 83
87 89
87 98
88 1
88 2
88 12
88 17
88 27
88 28
88 35
88 38
88 47
88 54
88 56
88 62
88 64
88 66
88 69
88 73
88 74
88 79
88 83
88 89
88 97
88 99
89 3
89 10
89 11
89 17
89 26
89 40
89 42
89 49
89 59
89 60
89 62
89 71
89 96
90 2
90 25
90 30
90 32
90 39
90 40
90 53
90 55
90 56
90 59
90 61
90 65
90 67
90 69
90 70
90 73
90 85
90 86
90 87
90 92
91 9
91 10
91 20
91 21
91 22
91 29
91 38
91 43
91 44
91 58
91 60
91 66
91 67
91 70
91 71
91 72
91 74
91 75
91 86
91 96
91 99
92 0
92 4
92 6
92 11
92 20
92 21
92 25
92 39
92 41
92 46
92 48
92 50
92 54
92 59
92 60
92 73
92 81
92 82
92 85
92 90
92 92
92 93
92 97
93 0
93 3
93 8
93 11
93 17
93 23
93 31
93 34
93 38
93 64
93 66
93 68
93 71
93 73
93 79
93 85
93 87
93 94
93 98
94 4
94 6
94 8
94 11
94 14
94 18
94 20
94 22
94 29
94 31
94 36
94 42
94 51
94 66
94 68
94 82
94 97
95 4
95 7
95 8
95 12
95 20
95 23
95 25
95 28
95 30
95 31
95 32
95 37
95 42
95 57
95 61
95 65
95 70
95 73
95 75
95 80
95 92
95 97
96 2
96 3
96 5
96 7
96 13
96 23
96 42
96 49
96 50
96 52
96 54
96 58
96 59
96 75
96 78
96 79
96 82
96 83
96 84
96 98
97 0
97 2
97 3
97 10
97 11
97 12
97 17
97 27
97 34
97 35
97 36
97 37
97 45
97 47
97 48
97 52
97 54
97 66
97 67
97 84
97 99
98 5
98 15
98 17
98 20
98 26
98 34
98 35
98 40
98 48
98 54
98 58
98 60
98 67
98 71
98 74
98 77
98 79
98 84
98 85
98 86
99 9
99 10
99 11
99 21
99 32
99 35
99 37
99 39
99 41
99 43
99 57
99 64
99 67
99 86
99 87
99 91
99 93
99 99
100 1
100 2
100 12
100 14
100 19
100 20
100 24
100 29
100 48
100 49
100 61
100 69
100 71
100 76
100 77
100 79
100 91
101 4
101 7
101 10
101 14
101 15
101 19
101 27
101 29
101 30
101 37
101 49
101 56
101 58
101 72
101 78
101 81
101 82
101 83
101 87
101 90
101 94
102 0
102 1
102 4
102 7
102 15
102 25
102 30
102 43
102 51
102 54
102 69
102 79
102 80
102 83
102 86
102 88
102 92
103 5
103 10
103 13
103 14
103 24
103 25
103 28
103 31
103 37
103 43
103 51
103 53
103 73
103 82
103 85
103 87
103 88
103 96
104 1
104 9
104 10
104 19
104 23
104 28
104 29
104 31
104 33
104 34
104 46
104 50
104 52
104 65
104 69
104 73
104 86
104 91
104 98
105 2
105 7
105 19
105 21
105 22
105 37
105 38
105 45
105 46
105 47
105 52
105 61
105 62
105 66
105 75
105 79
105 86
105 87
105 95
105 98
106 7
106 9
106 11
106 15
106 16
106 20
106 21
106 23
106 27
106 29
106 30
106 36
106 41
106 44
106 54
106 63
106 64
106 66
106 69
106 71
106 81
106 90
106 96
106 98
107 2
107 9
107 11
107 15
107 26
107 28
107 31
107 33
107 34
107 38
107 39
107 48
107 50
107 59
107 60
107 61
107 63
107 66
107 67
107 72
107 79
107 89
107 97
107 99
108 14
108 19
108 42
108 43
108 44
108 48
108 53
108 61
108 62
108 69
108 70
108 76
108 81
108 83
108 85
108 92
108 95
108 97
109 1
109 16
109 17
109 20
109 21
109 23
109 24
109 27
109 36
109 48
109 56
109 57
109 69
109 70
109 74
109 75
109 82
109 85
109 92
109 99
110 7
110 18
110 20
110 33
110 34
110 35
110 47
110 51
110 54
110 58
110 59
110 73
110 79
110 81
110 85
110 89
110 92
111 0
111 2
111 7
111 12
111 24
111 25
111 31
111 32
111 45
111 46
111 48
111 55
111 61
111 62
111 65
111 80
111 81
111 86
111 90
111 92
112 6
112 8
112 9
112 11
112 30
112 33
112 47
112 48
112 49
112 51
112 53
112 60
112 62
112 67
112 73
112 77
112 78
112 82
112 87
112 92
113 9
113 14
113 16
113 19
113 20
113 30
113 32
113 34
113 35
113 44
113 49
113 54
113 71
113 83
113 89
113 94
114 2
114 14
114 17
114 19
114 21
114 22
114 23
114 24
114 37
114 40
114 42
114 45
114 53
114 68
114 69
114 72
114 75
114 76
114 79
114 86
114 91
114 93
114 94
115 11
115 13
115 26
115 29
115 34
115 37
115 46
115 48
115 53
115 59
115 60
115 65
115 68
115 77
115 80
115 89
115 90
116 0
116 8
116 11
116 15
116 18
116 30
116 32
116 40
116 43
116 44
116 45
116 47
116 52
116 53
116 58
116 59
116 60
116 66
116 68
116 70
116 73
116 79
116 87
116 91
117 5
117 31
117 36
117 37
117 52
117 56
117 57
117 59
117 66
117 67
117 68
117 76
117 78
117 79
117 80
117 85
117 86
117 87
117 98
118 0
118 12
118 18
118 28
118 29
118 30
118 31
118 32
118 34
118 44
118 50
118 58
118 60
118 64
118 65
118 66
118 71
118 78
118 81
118 85
118 89
118 95
119 0
119 5
119 6
119 26
119 28
119 32
119 33
119 49
119 50
119 54
119 57
119 58
119 60
119 68
119 71
119 81
119 82
119 85
119 92
119 93
119 96
119 99
120 4
120 9
120 13
120 16
120 26
120 28
120 60
120 65
120 80
120 81
120 87
120 89
120 95
121 2
121 10
121 13
121 19
121 26
121 27
121 28
121 30
121 34
121 35
121 40
121 44
121 45
121 48
121 56
121 62
121 63
121 70
121 75
121 93
122 3
122 9
122 20
122 22
122 39
122 41
122 43
122 45
122 46
122 47
122 50
122 51
122 60
122 61
122 62
122 65
122 74
122 75
122 76
122 78
122 83
122 88
122 91
122 92
123 0
123 5
123 13
123 15
123 18
123 20
123 27
123 34
123 41
123 47
123 51
123 56
123 62
123 63
123 67
123 70
123 83
123 86
123 94
123 95
124 2
124 10
124 13
124 22
124 35
124 39
124 48
124 52
124 58
124 60
124 65
124 73
124 92
124 97
125 4
125 17
125 25
125 27
125 31
125 60
125 63
125 66
125 74
125 75
125 88
125 94
126 1
126 4
126 10
126 16
126 21
126 26
126 28
126 32
126 37
126 43
126 46
126 50
126 53
126 57
126 71
126 75
126 78
126 84
126 89
126 90
126 98
127 8
127 12
127 22
127 31
127 32
127 33
127 35
127 41
127 50
127 51
127 56
127 66
127 70
127 75
127 78
127 79
127 81
127 85
127 88
127 89
127 93
128 3
128 6
128 8
128 18
128 20
128 22
128 33
128 40
128 41
128 47
128 53
128 64
128 66
128 73
128 78
128 83
129 0
129 1
129 5
129 6
129 11
129 17
129 25
129 30
129 37
129 41
129 42
129 44
129 53
129 54
129 55
129 56
129 57
129 59
129 63
129 70
129 71
129 82
129 87
129 89
129 97
129 98
130 2
130 10
130 14
130 20
130 23
130 24
130 28
130 33
130 41
130 45
130 51
130 55
130 57
130 58
130 60
130 64
130 66
130 69
130 71
130 80
130 81
130 85
130 89
130 92
130 95
130 99
131 6
131 8
131 21
131 22
131 27
131 33
131 36
131 37
131 38
131 64
131 65
131 81
131 83
131 85
131 91
131 93
132 1
132 2
132 5
132 12
132 18
132 21
132 25
132 37
132 43
132 44
132 45
132 47
132 51
132 52
132 54
132 56
132 58
132 63
132 64
132 79
132 84
132 86
132 95
133 7
133 8
133 9
133 18
133 20
133 26
133 36
133 41
133 45
133 52
133 61
133 62
133 65
133 66
133 68
133 74
133 83
133 85
134 1
134 3
134 12
134 15
134 22
134 26
134 34
134 37
134 40
134 42
134 45
134 47
134 49
134 52
134 62
134 66
134 67
134 68
134 77
134 83
134 98
134 99
135 0
135 1
135 5
135 13
135 14
135 17
135 21
135 26
135 28
135 37
135 40
135 41
135 47
135 48
135 52
135 56
135 67
135 77
135 80
135 85
135 87
135 92
135 93
135 94
136 2
136 4
136 9
136 13
136 15
136 17
136 23
136 24
136 27
136 33
136 37
136 45
136 50
136 52
136 53
136 55
136 57
136 58
136 59
136 65
136 74
136 83
136 84
136 94
136 98
137 1
137 10
137 14
137 19
137 26
137 28
137 49
137 50
137 52
137 74
137 79
137 81
137 87
137 97
138 1
138 3
138 5
138 7
138 13
138 14
138 17
138 18
138 19
138 23
138 24
138 26
138 28
138 34
138 36
138 54
138 62
138 67
138 78
138 81
138 83
138 91
138 92
138 93
138 95
138 98
139 0
139 10
139 15
139 19
139 21
139 25
139 28
139 29
139 31
139 37
139 39
139 44
139 50
139 71
139 81
139 83
139 86
139 92
139 95
139 96
139 98
140 4
140 8
140 9
140 14
140 16
140 18
140 22
140 28
140 36
140 45
140 50
140 58
140 63
140 74
140 77
140 78
140 80
140 84
140 85
140 99
141 2
141 7
141 8
141 12
141 16
141 18
141 27
141 29
141 36
141 38
141 40
141 44
141 46
141 48
141 50
141 52
141 54
141 56
141 60
141 61
141 66
141 68
141 80
141 88
141 92
141 97
142 5
142 12
142 14
142 29
142 38
142 41
142 44
142 51
142 56
142 59
142 64
142 68
142 72
142 84
142 85
142 87
142 90
142 94
142 98
143 3
143 11
143 14
143 18
143 21
143 32
143 37
143 38
143 41
143 44
143 49
143 50
143 51
143 54
143 63
143 64
143 67
143 68
143 76
143 79
143 80
143 87
143 90
143 91
143 99
144 1
144 3
144 6
144 7
144 11
144 25
144 37
144 41
144 44
144 46
144 49
144 50
144 52
144 57
144 64
144 66
144 67
144 75
144 78
144 80
144 81
144 83
144 88
144 89
144 90
144 97
145 8
145 14
145 16
145 20
145 28
145 29
145 33
145 44
145 65
145 70
145 74
145 90
145 91
145 95
145 96
146 5
146 6
146 7
146 14
146 16
146 21
146 26
146 28
146 40
146 46
146 48
146 50
146 52
146 55
146 64
146 66
146 68
146 80
146 81
146 95
147 11
147 12
147 19
147 25
147 32
147 34
147 35
147 36
147 43
147 61
147 63
147 65
147 71
147 76
147 78
147 82
147 86
147 87
147 99
148 4
148 13
148 14
148 16
148 33
148 35
148 46
148 54
148 62
148 64
148 67
148 74
148 75
148 76
148 77
148 83
148 87
148 88
148 99
149 2
149 5
149 6
149 8
149 9
149 10
149 11
149 18
149 25
149 29
149 32
149 35
149 41
149 49
149 51
149 52
149 57
149 61
149 68
149 80
149 83
149 86
149 93