54 45
250
0 2
0 5
0 6
0 9
0 10
0 12
0 15
0 23
0 25
0 28
1 0
1 8
1 10
1 22
1 27
1 31
1 34
1 40
1 42
2 1
2 11
2 17
2 18
2 24
2 25
2 28
2 36
3 1
3 5
3 6
3 12
3 13
3 21
3 22
3 23
3 26
3 27
3 30
3 34
3 40
3 41
3 43
4 11
4 15
4 21
4 22
4 30
4 32
4 40
5 4
5 9
5 10
5 13
5 17
5 18
5 22
5 37
5 38
6 6
6 7
6 22
6 23
6 24
6 31
6 34
6 42
6 44
7 2
7 4
7 13
7 16
7 20
7 21
7 26
7 32
7 37
7 40
7 42
8 9
8 11
8 13
8 14
8 26
8 29
8 30
8 33
8 35
8 36
8 41
9 6
9 13
9 24
9 27
9 29
9 37
9 44
10 1
10 8
10 19
10 24
10 26
10 29
10 30
10 44
11 3
11 4
11 6
11 7
11 17
11 20
11 39
11 44
12 3
12 5
12 9
12 14
12 16
12 18
12 25
12 26
12 34
12 42
13 9
13 10
13 16
13 19
13 31
13 32
13 39
14 1
14 2
14 3
14 12
14 16
14 23
14 26
14 29
14 33
14 43
15 3
15 14
15 20
15 29
15 36
15 43
15 44
16 2
16 4
16 10
16 22
16 24
16 29
16 30
16 31
16 39
16 40
16 44
17 13
17 15
17 18
17 20
17 21
17 28
17 29
17 30
17 32
17 38
17 41
18 5
18 10
18 20
18 25
18 27
18 31
18 32
19 1
19 4
19 10
19 13
19 15
19 26
19 28
19 29
19 32
19 34
19 40
19 42
20 15
20 17
20 21
20 24
20 25
20 29
20 32
20 35
20 42
20 43
21 0
21 5
21 11
21 21
22 7
22 8
22 11
22 14
22 22
22 24
22 31
22 32
22 38
22 44
23 6
23 9
23 12
23 17
23 20
23 22
23 31
24 6
24 10
24 11
24 17
24 18
24 22
24 31
24 35
24 36
24 37
25 4
25 5
25 14
25 18
25 23
25 28
25 31
25 39
26 5
26 8
26 12
26 13
26 17
26 22
26 29
26 32
26 35
26 40
26 42
27 0
27 9
27 11
27 13
27 15
27 16
27 25
27 31
27 35
27 41
28 2
28 7
28 8
28 10
28 23
28 36
28 37
28 40
28 42
29 1
29 2
29 3
29 12
29 14
29 15
29 19
29 24
29 25
29 26
29 30
30 0
30 1
30 11
30 20
30 23
30 30
31 0
31 6
31 15
31 18
31 27
31 33
31 36
31 37
31 43
31 44
32 2
32 7
32 14
32 18
32 24
32 34
32 43
33 2
33 3
33 6
33 8
33 10
33 12
33 13
33 26
33 32
33 36
33 39
33 40
34 3
34 12
34 13
34 15
34 21
34 27
34 28
34 38
34 39
34 40
35 14
35 17
35 20
35 25
35 29
35 34
35 35
36 6
36 11
36 18
36 21
36 27
36 29
36 31
36 38
36 43
36 44
37 23
37 25
37 43
37 44
38 6
38 9
38 13
38 14
38 17
38 29
38 40
38 43
39 24
39 25
39 29
39 30
39 43
40 7
40 9
40 26
40 27
40 29
41 1
41 5
41 9
41 14
41 17
41 18
41 22
41 24
41 27
41 29
41 31
41 32
41 33
41 41
42 0
42 5
42 7
42 9
42 10
42 18
42 26
42 28
42 38
42 40
42 43
43 3
43 9
43 12
43 20
43 23
43 25
43 27
43 29
43 33
43 37
43 41
43 43
44 0
44 1
44 3
44 6
44 18
44 21
44 23
44 26
44 27
44 31
45 2
45 6
45 23
45 24
45 29
45 30
46 3
46 4
46 9
46 12
46 14
46 31
46 34
46 39
46 41
47 6
47 9
47 15
47 17
47 18
47 19
47 20
47 24
47 33
48 2
48 4
48 13
48 22
48 28
49 3
49 6
49 8
49 13
49 28
49 40
49 41
50 3
50 5
50 9
50 27
50 30
51 3
51 4
51 5
51 11
51 15
51 16
51 17
51 43
52 9
52 18
52 19
52 24
52 28
52 32
52 34
52 38
52 41
53 0
53 5
53 6
53 21
53 22
53 23
53 27
53 32