100 100
200
0 0
0 6
0 9
0 13
0 15
0 16
0 17
0 25
0 28
0 30
0 36
0 38
0 40
0 44
0 48
0 51
0 53
0 62
0 67
0 70
0 75
0 83
0 87
0 89
0 91
0 92
1 2
1 13
1 17
1 18
1 19
1 21
1 23
1 25
1 27
1 30
1 34
1 39
1 48
1 49
1 55
1 61
1 65
1 67
1 71
1 75
1 92
1 95
1 96
1 99
2 4
2 13
2 19
2 27
2 29
2 38
2 40
2 45
2 46
2 49
2 50
2 53
2 55
2 62
2 64
2 68
2 90
2 91
3 10
3 11
3 14
3 17
3 22
3 24
3 26
3 28
3 33
3 36
3 37
3 47
3 49
3 53
3 59
3 62
3 64
3 66
3 68
3 70
3 73
3 76
3 82
3 86
3 89
3 91
4 7
4 8
4 12
4 21
4 29
4 36
4 39
4 41
4 45
4 47
4 52
4 57
4 60
4 61
4 63
4 69
4 80
4 82
4 84
4 85
4 86
4 91
4 93
4 96
4 97
5 17
5 21
5 22
5 23
5 24
5 29
5 33
5 44
5 50
5 53
5 62
5 70
5 89
5 90
5 96
5 97
6 2
6 8
6 16
6 28
6 31
6 34
6 41
6 47
6 53
6 56
6 57
6 61
6 62
6 64
6 67
6 70
6 83
6 86
6 90
7 4
7 9
7 34
7 35
7 39
7 55
7 59
7 60
7 65
7 66
7 73
7 77
7 78
7 81
7 88
7 93
7 94
8 3
8 11
8 17
8 32
8 37
8 42
8 47
8 48
8 54
8 55
8 60
8 71
8 75
8 95
8 97
9 0
9 1
9 2
9 3
9 16
9 17
9 20
9 22
9 30
9 39
9 40
9 42
9 44
9 47
9 50
9 56
9 58
9 59
9 60
9 62
9 67
9 86
9 98
10 1
10 8
10 15
10 19
10 21
10 24
10 25
10 32
10 35
10 41
10 47
10 48
10 53
10 56
10 62
10 66
10 68
10 72
10 74
10 78
10 80
10 81
10 82
10 90
10 96
11 1
11 14
11 16
11 21
11 22
11 33
11 34
11 46
11 53
11 57
11 59
11 64
11 66
11 68
11 82
11 86
12 2
12 3
12 7
12 8
12 9
12 14
12 18
12 19
12 30
12 33
12 34
12 38
12 47
12 80
12 83
12 87
12 92
12 95
12 98
13 1
13 6
13 10
13 12
13 14
13 17
13 35
13 37
13 49
13 52
13 58
13 59
13 62
13 69
13 70
13 85
13 86
13 87
13 90
13 93
13 98
14 6
14 13
14 20
14 41
14 44
14 49
14 50
14 60
14 68
14 72
14 73
14 74
14 77
14 88
14 89
14 97
15 1
15 8
15 34
15 38
15 57
15 59
15 60
15 66
15 71
15 72
15 73
15 83
15 89
15 94
15 98
15 99
16 0
16 5
16 14
16 21
16 45
16 54
16 58
16 88
16 95
16 96
16 97
17 0
17 4
17 6
17 20
17 23
17 30
17 33
17 36
17 49
17 53
17 55
17 58
17 61
17 63
17 65
17 77
17 79
17 85
17 86
17 96
18 1
18 3
18 5
18 17
18 20
18 30
18 31
18 54
18 58
18 61
18 71
18 72
18 81
18 96
19 1
19 4
19 6
19 12
19 14
19 16
19 39
19 44
19 53
19 55
19 60
19 69
19 70
19 75
19 76
19 78
19 83
19 92
19 94
20 0
20 7
20 17
20 20
20 21
20 22
20 23
20 24
20 36
20 40
20 49
20 67
20 82
20 85
20 88
20 93
20 95
20 98
20 99
21 0
21 11
21 13
21 18
21 21
21 22
21 25
21 53
21 56
21 62
21 68
21 69
21 70
21 76
21 79
21 86
21 88
21 96
22 27
22 30
22 31
22 38
22 39
22 40
22 48
22 60
22 61
22 62
22 73
22 74
22 75
22 95
23 3
23 7
23 17
23 23
23 40
23 44
23 84
23 85
23 87
23 89
23 91
23 96
23 97
24 7
24 8
24 10
24 18
24 20
24 25
24 31
24 32
24 34
24 39
24 42
24 46
24 47
24 58
24 61
24 69
24 70
24 73
24 74
24 78
24 96
24 97
24 98
25 0
25 11
25 12
25 14
25 22
25 23
25 25
25 30
25 33
25 49
25 50
25 52
25 58
25 62
25 69
25 75
25 79
25 89
25 95
26 3
26 9
26 10
26 16
26 20
26 21
26 23
26 35
26 44
26 61
26 76
26 79
26 84
26 88
26 93
27 6
27 7
27 8
27 10
27 15
27 18
27 22
27 32
27 33
27 36
27 52
27 55
27 56
27 57
27 62
27 63
27 64
27 66
27 68
27 76
27 82
27 83
27 87
28 3
28 4
28 8
28 9
28 13
28 14
28 20
28 31
28 32
28 34
28 40
28 45
28 47
28 55
28 62
28 64
28 65
28 68
28 70
28 79
28 95
28 97
29 7
29 12
29 17
29 20
29 21
29 24
29 25
29 37
29 40
29 41
29 42
29 45
29 55
29 57
29 58
29 64
29 66
29 68
29 70
29 77
29 78
29 81
29 83
29 84
29 92
29 94
29 95
30 5
30 10
30 15
30 25
30 29
30 33
30 36
30 38
30 39
30 42
30 53
30 55
30 59
30 64
30 70
30 73
30 81
30 91
30 95
30 96
31 3
31 5
31 11
31 21
31 23
31 30
31 33
31 46
31 48
31 49
31 51
31 52
31 76
31 87
31 91
31 93
31 95
32 13
32 26
32 30
32 31
32 33
32 39
32 49
32 52
32 61
32 62
32 67
32 70
32 72
32 89
32 93
33 0
33 8
33 19
33 27
33 28
33 51
33 52
33 54
33 56
33 58
33 59
33 66
33 67
33 70
33 77
33 81
33 93
33 99
34 0
34 3
34 9
34 10
34 11
34 22
34 36
34 44
34 52
34 53
34 54
34 60
34 62
34 70
34 73
34 74
34 78
34 79
34 87
34 88
34 89
34 90
34 91
34 94
35 0
35 1
35 7
35 11
35 26
35 30
35 35
35 37
35 42
35 49
35 50
35 57
35 59
35 66
35 67
35 70
35 81
35 98
36 0
36 2
36 4
36 6
36 7
36 10
36 14
36 19
36 20
36 23
36 25
36 26
36 30
36 45
36 48
36 49
36 50
36 55
36 58
36 72
36 74
36 87
36 90
36 91
36 92
36 95
37 4
37 6
37 9
37 37
37 48
37 49
37 50
37 58
37 59
37 66
37 67
37 69
37 97
37 99
38 1
38 9
38 15
38 16
38 19
38 22
38 27
38 29
38 33
38 41
38 50
38 51
38 67
38 75
38 77
38 83
38 86
38 90
38 91
38 92
39 6
39 10
39 14
39 17
39 18
39 35
39 37
39 42
39 45
39 47
39 53
39 56
39 69
39 75
39 76
39 80
39 81
39 92
39 99
40 5
40 12
40 13
40 20
40 28
40 34
40 36
40 43
40 46
40 51
40 58
40 66
40 68
40 70
40 84
40 88
40 99
41 2
41 3
41 4
41 7
41 10
41 22
41 24
41 26
41 29
41 33
41 44
41 45
41 58
41 60
41 64
41 65
41 69
41 84
41 85
41 86
41 89
41 91
41 93
42 6
42 9
42 13
42 16
42 23
42 24
42 38
42 55
42 57
42 58
42 59
42 67
42 88
42 96
42 97
43 3
43 7
43 12
43 13
43 17
43 19
43 21
43 24
43 34
43 37
43 41
43 43
43 44
43 47
43 52
43 54
43 60
43 73
43 78
43 83
43 91
44 2
44 4
44 9
44 13
44 15
44 24
44 26
44 34
44 42
44 47
44 48
44 50
44 52
44 57
44 60
44 62
44 73
44 74
44 77
44 78
44 81
44 92
44 94
44 99
45 1
45 2
45 8
45 10
45 12
45 15
45 18
45 19
45 22
45 28
45 37
45 43
45 53
45 55
45 56
45 57
45 58
45 63
45 64
45 70
45 74
45 79
45 83
45 85
45 91
45 92
45 99
46 2
46 3
46 4
46 6
46 7
46 10
46 11
46 19
46 23
46 30
46 33
46 40
46 43
46 48
46 53
46 61
46 68
46 71
46 72
46 73
46 75
46 77
46 83
46 93
46 99
47 7
47 10
47 15
47 42
47 46
47 48
47 49
47 57
47 60
47 61
47 74
47 77
47 80
47 83
47 84
47 95
47 97
48 10
48 13
48 14
48 23
48 29
48 35
48 40
48 43
48 45
48 68
48 71
48 78
48 79
48 90
48 91
49 2
49 7
49 11
49 15
49 16
49 21
49 38
49 39
49 40
49 43
49 47
49 48
49 51
49 58
49 61
49 62
49 65
49 69
49 70
49 75
49 76
49 84
49 86
49 88
49 90
49 94
49 95
49 96
50 3
50 6
50 8
50 9
50 11
50 12
50 23
50 28
50 34
50 35
50 39
50 40
50 41
50 44
50 45
50 52
50 58
50 61
50 62
50 78
50 81
50 87
51 2
51 19
51 27
51 28
51 38
51 42
51 43
51 45
51 55
51 59
51 68
51 69
51 72
51 94
51 96
51 99
52 12
52 14
52 27
52 29
52 37
52 38
52 48
52 57
52 62
52 77
52 80
52 91
53 8
53 12
53 13
53 22
53 27
53 35
53 40
53 46
53 48
53 53
53 54
53 58
53 66
53 77
53 82
53 89
54 1
54 6
54 15
54 29
54 37
54 43
54 44
54 52
54 59
54 61
54 65
54 67
54 77
54 82
54 85
54 88
54 94
54 96
54 97
55 0
55 4
55 7
55 14
55 16
55 34
55 37
55 43
55 49
55 50
55 55
55 61
55 65
55 70
55 71
55 72
55 75
55 80
55 88
56 0
56 2
56 7
56 12
56 13
56 22
56 27
56 30
56 35
56 37
56 41
56 48
56 55
56 73
56 75
56 76
56 86
56 88
56 89
56 91
56 92
56 94
57 7
57 8
57 14
57 16
57 19
57 20
57 29
57 31
57 34
57 38
57 39
57 42
57 43
57 51
57 61
57 69
57 76
57 80
57 86
57 88
57 89
57 93
57 99
58 5
58 6
58 10
58 14
58 15
58 17
58 19
58 24
58 29
58 40
58 54
58 77
58 88
58 97
59 6
59 17
59 25
59 32
59 38
59 41
59 44
59 46
59 51
59 54
59 58
59 64
59 74
59 80
59 88
59 89
59 90
59 92
59 93
59 94
59 99
60 0
60 1
60 9
60 10
60 12
60 14
60 21
60 22
60 30
60 42
60 47
60 65
60 67
60 69
60 74
60 92
60 93
61 5
61 14
61 23
61 28
61 29
61 30
61 46
61 47
61 51
61 65
61 66
61 68
61 74
61 80
61 83
61 84
61 85
61 86
61 90
61 91
61 95
62 0
62 4
62 12
62 18
62 47
62 50
62 55
62 59
62 66
62 67
62 75
62 81
62 85
63 4
63 18
63 21
63 23
63 47
63 49
63 58
63 59
63 64
63 81
63 96
63 97
63 99
64 2
64 11
64 20
64 28
64 35
64 51
64 53
64 73
64 76
64 79
64 81
64 91
64 92
64 97
65 3
65 5
65 8
65 11
65 12
65 18
65 21
65 26
65 27
65 35
65 36
65 41
65 43
65 51
65 55
65 60
65 65
65 67
65 75
66 2
66 17
66 18
66 22
66 35
66 39
66 40
66 41
66 44
66 46
66 59
66 64
66 65
66 67
66 74
66 83
66 85
67 0
67 17
67 19
67 20
67 23
67 27
67 32
67 42
67 45
67 50
67 54
67 60
67 64
67 67
67 69
67 74
67 80
67 84
67 88
67 95
68 1
68 16
68 20
68 22
68 23
68 31
68 32
68 33
68 44
68 50
68 54
68 55
68 61
68 62
68 65
68 79
68 86
68 87
68 89
68 90
68 98
69 4
69 8
69 17
69 24
69 28
69 29
69 55
69 63
69 66
69 67
69 73
69 79
69 88
69 95
70 1
70 7
70 9
70 11
70 20
70 21
70 23
70 28
70 36
70 44
70 49
70 51
70 53
70 54
70 56
70 57
70 58
70 59
70 62
70 72
70 80
70 85
71 2
71 13
71 14
71 19
71 21
71 30
71 31
71 35
71 43
71 45
71 52
71 57
71 67
71 73
71 77
71 78
71 83
71 85
71 86
71 91
72 1
72 4
72 8
72 9
72 12
72 18
72 23
72 26
72 29
72 30
72 32
72 40
72 42
72 44
72 47
72 65
72 68
72 74
72 84
72 87
72 91
72 92
73 1
73 2
73 4
73 5
73 6
73 10
73 11
73 22
73 25
73 26
73 31
73 37
73 46
73 48
73 54
73 55
73 56
73 58
73 62
73 65
73 70
73 76
73 81
73 87
73 91
74 9
74 23
74 26
74 29
74 31
74 32
74 38
74 41
74 44
74 50
74 62
74 64
74 73
74 89
74 90
74 96
74 97
75 3
75 6
75 7
75 9
75 10
75 24
75 26
75 37
75 44
75 50
75 58
75 67
75 78
75 86
75 89
75 93
75 98
75 99
76 0
76 7
76 10
76 11
76 14
76 22
76 25
76 26
76 32
76 36
76 40
76 41
76 46
76 49
76 50
76 53
76 57
76 64
76 67
76 74
76 75
76 77
76 78
76 85
76 86
76 87
76 98
76 99
77 16
77 20
77 21
77 27
77 31
77 57
77 60
77 63
77 66
77 68
77 72
77 75
77 77
77 88
77 93
78 0
78 2
78 5
78 13
78 17
78 18
78 28
78 45
78 46
78 50
78 55
78 78
78 94
78 95
79 6
79 9
79 11
79 14
79 17
79 38
79 44
79 45
79 48
79 62
79 67
79 68
79 91
79 95
79 99
80 4
80 6
80 11
80 15
80 23
80 28
80 31
80 33
80 36
80 39
80 47
80 52
80 53
80 54
80 55
80 59
80 70
80 71
80 73
80 77
80 87
80 91
80 95
80 96
80 97
80 98
81 0
81 1
81 11
81 16
81 18
81 19
81 27
81 42
81 43
81 48
81 49
81 58
81 60
81 62
81 63
81 69
81 72
81 73
81 75
81 80
81 87
81 88
81 96
82 2
82 24
82 40
82 43
82 49
82 56
82 58
82 60
82 61
82 64
82 65
82 66
82 73
82 77
82 85
82 96
82 97
82 99
83 0
83 5
83 11
83 14
83 29
83 33
83 43
83 52
83 56
83 63
83 69
83 72
83 74
83 79
83 84
83 85
83 86
83 99
84 8
84 10
84 13
84 15
84 16
84 17
84 20
84 21
84 25
84 30
84 34
84 36
84 39
84 43
84 44
84 47
84 59
84 60
84 62
84 68
84 77
84 80
84 81
84 82
84 89
84 99
85 13
85 15
85 17
85 19
85 21
85 36
85 37
85 42
85 56
85 58
85 61
85 64
85 65
85 74
85 79
85 89
86 1
86 18
86 19
86 32
86 41
86 42
86 57
86 60
86 61
86 74
86 75
86 80
86 85
86 89
86 99
87 3
87 5
87 20
87 25
87 31
87 32
87 36
87 39
87 42
87 43
87 47
87 48
87 51
87 61
87 70
87 76
87 82
87 84
87 85
87 91
87 93
87 94
87 97
88 0
88 1
88 3
88 5
88 8
88 15
88 27
88 35
88 44
88 53
88 54
88 59
88 67
88 78
88 85
88 86
88 92
88 93
88 95
89 1
89 9
89 15
89 22
89 25
89 28
89 44
89 51
89 55
89 70
89 75
89 80
89 86
90 1
90 13
90 17
90 24
90 41
90 45
90 58
90 61
90 68
90 70
90 73
90 74
90 77
90 96
90 97
91 1
91 8
91 12
91 14
91 15
91 23
91 25
91 29
91 38
91 40
91 55
91 66
91 67
91 71
91 74
91 77
91 95
92 0
92 5
92 10
92 11
92 14
92 20
92 21
92 25
92 34
92 35
92 37
92 42
92 47
92 50
92 51
92 55
92 62
92 67
92 71
92 83
92 94
92 95
92 97
93 0
93 10
93 11
93 13
93 14
93 20
93 24
93 30
93 33
93 34
93 36
93 42
93 45
93 46
93 48
93 57
93 71
93 75
93 82
93 84
93 88
93 94
94 2
94 4
94 7
94 17
94 21
94 23
94 29
94 30
94 32
94 35
94 48
94 64
94 66
94 69
94 70
94 71
94 73
94 74
94 76
94 78
94 85
94 86
95 5
95 6
95 13
95 17
95 19
95 22
95 25
95 26
95 28
95 34
95 41
95 49
95 56
95 62
95 71
95 74
95 80
95 82
95 87
95 90
95 96
95 97
95 98
96 1
96 9
96 16
96 17
96 21
96 24
96 30
96 38
96 40
96 41
96 42
96 44
96 52
96 56
96 60
96 62
96 67
96 75
96 79
96 82
96 90
96 92
97 1
97 8
97 11
97 18
97 19
97 21
97 25
97 32
97 33
97 36
97 37
97 47
97 48
97 50
97 52
97 53
97 54
97 73
97 78
97 80
97 81
97 85
97 89
97 97
97 98
98 0
98 1
98 7
98 26
98 28
98 38
98 39
98 42
98 48
98 52
98 61
98 90
98 94
98 99
99 0
99 16
99 18
99 19
99 20
99 28
99 33
99 36
99 40
99 47
99 48
99 49
99 54
99 55
99 56
99 57
99 66
99 68
99 69
99 70
99 74
99 77
99 78
99 81
99 87
99 94